1	261834892663463937
2	261718940898713600
3	261797974177378304
4	261758660965978112
5	261784246459457536
6	261739694621077504
7	261733025598029824
8	261738931085778944
9	262012710282219520
10	261740654764359681
11	261721436853518336
12	261848544976187392
13	261732668910211072
14	261873585243705344
15	261717363899113472
16	261722971708739584
17	261727497304039424
18	261755884600967168
19	261728227364577280
20	261936960959033344
21	261724301403758592
22	261846825504481280
23	262065415608479744
24	261752608748871680
25	261777229212684288
26	261717158382432256
27	261960176469413888
28	261731284722786305
29	261756211739901953
30	261818039861911552
31	261749571913404416