1	56361405383589888
2	256085852508278784
3	256058182475055104
4	256161769330982912
5	256071004730843136
6	256103107539386368
7	256073084707155968
8	256108849944203265
9	256371421561905152
10	256153712131702784
11	256312663506841600
12	256056391595331585
13	256163308586020865
14	256328828320878592
15	256067372069298177
16	256162838635216896
17	256069431573221376
18	256431379229859840
19	256129242545405952
20	256057242812547072
21	256162746385694720
22	256529534390792193
23	256141313479684097
24	256133763833155584
25	256114872897638400
26	256127149679968256
27	256066344775196674
28	256171495682875393
29	256069234419961857
30	256040901959380992
31	256506687832354816
32	256367260980113408
33	256084271121453056
34	256259836206010369
35	256387057730084864
36	256055586356080640
37	256207587689766912
38	256063362650214401
39	256115501988712448
40	256404300861960192
41	256315716997881856
42	256128902865489920