1	256036401571852288
2	255998736608677888
3	256371811720232960
4	256028193159516160
5	256106408649576449
6	256018806315573249
7	255878205167251456
8	256008404374523904
9	255971771302416384
10	256047449527959552
11	256037269545287680
12	256149836640948224
13	256007662309867520
14	255979069571743744
15	256018227455471617
16	256010002404364288
17	255899885180698624
18	255951303182782465
19	256029644657160192
20	255982752279703552
21	256384746718904320
22	256299010967625728
23	256044739864977409
24	256066298579140608
25	256031276103004161
26	256371195132383232
27	256135982657703938