1	261837677530341376
2	261843729835511809
3	261891700077756417
4	\261836519772393472
5	261837304358912001
6	261873429823778816
7	261848176087166978
8	261836251605385216
9	261884381361233920
10	261875480783880192
11	261842815426895872
12	261876701305393152
13	261862839189385216
14	261839246074183680
15	261835106317131777
16	261851468603224065
17	261950571563585536
18	261855679755718656
19	261847496429555713
20	261901904941039616
21	261836700366565379
22	261945399814807553
23	261832971508654080
24	261861966845464576
25	261843012819226625
26	261888302666366976
27	261839246237773825
28	262079273756680192