1	258685511210786816
2	258700812145016833
3	258716758880419841
4	258720307454554113
5	258738175189590016
6	258781359781339136
7	258795112623116288
8	258799755835101184
9	258836367700815873
10	258841904278564864
11	258845259805650944
12	258884015363354625
13	258891372017377280
14	258893490052796416
15	258895591243915264
16	258897038345900032
17	258897537438740480
18	258907583165911040
19	258910200042508288
20	258914633430204416
21	258925551530684417
22	258940717928415232
23	258941875480829953
24	258960355655548930
25	258960871626252288
26	258964566682251264
27	258970258478608384
28	258987689821470721
29	258987702660243456
30	258991489818955776
31	258991800277139456
32	258995730499375105
33	258998754739363840
34	259004911616946176
35	259006362904850432
36	259012104835719168
37	259015536044822528
38	259016102171009025
39	259017192849416192
40	259018421478490114
41	259019294095069184
42	259019864486854656
43	259026386780581888
44	259027170989596672
45	259036260167979008
46	259036675152441344
47	259044246139592704
48	259047362171899904
49	259047437900054528
50	259048926907338752
51	259052311677116416
52	259059219846819840
53	259060469460000770
54	259060914190446592
55	259060960092893184
56	259062193276997632
57	259062247832305664
58	259062319374557184
59	259063103768104962
60	259063779042656257
61	259065364376346627
62	259066622462029824
63	259067381941420035
64	259071747876352000
65	259073824153296897
66	259077984873496577
67	259081348860481536
68	259082355489251328
69	259083236154683392
70	259090421156827137
71	259092962611445760
72	259094049238179840
73	259095164772036608
74	259104081879134209
75	259105101132754944
76	259105491072974849
77	259108074781028353
78	259112659423739904
79	259125594699227137
80	259132477187186688
81	259140115320934400
82	259140333361848320
83	259149258903658496
84	259161585656934400
85	259163787955957760
86	259171542892691456
87	259177301697249280
88	259178237291274240
89	259181643129044992
90	259196910093615104
91	259200987057778688
92	259210768346652672
93	259210956893208576
94	259222872973799424
95	259232138120015872
96	259239075721138176
97	259239717164425218
98	259244364683939840
99	259246906528645120
100	259250060410376192
101	259250396114079744
102	259254565021573120
103	259266850188304384
104	259284336363319296
105	259289646129872896
106	259294276897349632
107	259313927211589633
108	259315961390309376
109	259317307770294272
110	259320034093068290
111	259321862574718977
112	259350115570036737
113	259353508858458112
114	259357157659643904
115	259383095550177281
116	259384102116012032
117	259385599562235904
118	259386941403959296
119	259394243947274240
120	259395866966777858
121	259413495869747201
122	259416163136724992
123	259417924832477184