1	261636606727954432
2	262087641267331072
3	262223280772091905
4	262256168456556544
5	261736557185208320
6	261266719396478976
7	262073569461288960
8	262060961383448576
9	261563743228551168
10	261562799623385088
11	262131987714805760
12	262233426894135296
13	261819549660364801
14	262021920634048513
15	261977931075698688
16	261720132303335424
17	262193883130253312
18	261682639340175361
19	262077675789758464
20	261494180793159680
21	261583590712823808
22	261493757315272705
23	261755230327279616
24	261250060011057152
25	262053734534750208
26	261724142154424320
27	262268281640067074
28	262097661354725376
29	261336911380086784
30	262219568997625856
31	261265998236229633
32	261502519149215744
33	262170881369972736
34	262203798573965312
35	262177017775128576
36	261718244929458176
37	261721210117828608
38	262226170832093184
39	262108155591401473
40	262242474121101312
41	261495665635504128
42	262043026610855936
43	261600842099064832
44	262194596103196672
45	261417437688373248
46	262132524459884544
47	261651031149117440
48	261770581190520833
49	262303211745071104
50	262276770810712064
51	262235213579579395
52	261990820020908032
53	261640566427758592
54	262117953737224193
55	261970695905501184
56	261558626563526656
57	262225889809547264
58	261410705771728896
59	262053277355614209
60	262320223909187584
61	261706354069225472
62	262123154665775104
63	262234765002932224
64	261750851280977920
65	262120612686872576
66	262326510952804352
67	262148681111855105
68	261500270842871808
69	261464510462844928
70	262076941560070144
71	261495577655787521
72	261460790186483712
73	261371295994892288
74	262301760700416000
75	262132642231771138
76	262079437225488384
77	261522446232993792
78	261611390769434624