1	261150189182656515
2	261171823624986624
3	261275515233632256
4	261269060069773312
5	261229847316144129
6	261169550127685632
7	261209882756259840
8	261270796599717888
9	261204530551730176
10	261307643413557248
11	261130006388940801
12	261134338945593345
13	261130836638855168
14	261128789772345344
15	261119436516360192
16	261144195455139840
17	261180946206822400
18	261142509458186240
19	261154370962472960
20	261203457011245056
21	261171605550534656
22	261294154661896192
23	261140416613715968
24	261123819698262017
25	261268120600199170
26	261128429053820928
27	261117800859459584
28	261479454709256194
29	261146955353305089