1	264077759037468672
2	263215473049624576
3	263180114995593216
4	263546609101598720
5	263293629660028929
6	263616742037798912
7	263225694471991296
8	263996750312927233
9	263182690214346752
10	263569002327048193
11	263995680689909760
12	263620390910312448
13	263616263937482753
14	263617299746000896
15	263648186642612224
16	263704654758699008
17	263581518419619840
18	263575570791665664
19	263283793773879296
20	263180429379649537
21	263737810404646914
22	263692608688238592
23	263700892090515456
24	263917666471903232