1	264077759037468672
2	263215473049624576
3	263180114995593216
4	263258573411328000
5	263546609101598720
6	263293629660028929
7	263279419165143040
8	263616742037798912
9	263225694471991296
10	263330963281567744
11	264006975782801408
12	263996750312927233
13	263236188498968576
14	263182690214346752
15	263569002327048193
16	263995680689909760
17	263620390910312448
18	263616263937482753
19	263617299746000896
20	263648186642612224
21	263633011784962048
22	263164537358917633
23	263629358441299968
24	263704654758699008
25	263335589494018048
26	263493777543532544
27	263581518419619840
28	263625063683743744
29	263554263500865536
30	263110388936237056
31	263144152903073792
32	263672371154665472
33	263122174695575553
34	263246984578748416
35	263671548983013377
36	264009010053795841
37	263160019812483075
38	263245198019149824
39	263575570791665664
40	263301523063336960
41	263481559707971584
42	263619417785643010
43	263419534030016512
44	263283793773879296
45	263180429379649537
46	263737810404646914
47	263692608688238592
48	263700892090515456
49	263917666471903232
50	263636908389834752
51	263653391803240448
52	263150759133188096
53	264002118732619776
54	263370208989814784
55	263626963678294017
56	263904395526283264
57	263709792806268928
58	263990177645613057
59	263357072584867840
60	263633493899231234
61	263141573443854336
62	263686505686528000
63	263437594698842114
64	263608584141680640
65	263642310313656320
66	263953389602353152
67	263549628866260992
68	263283840246743040
69	263425229865488384
70	263538228831866880
71	263501667167789056
72	263205872287756288
73	263663567218298880
74	263605656563630080
75	263198309794078720
76	263984054016282625
77	263611297676017664
78	263626439176380416
79	263626766520811520
80	263553844229857280
81	263632113897701377
82	263578305482076161
83	263200641776750593
84	263248712661352450
85	263152705256710144
86	263168228333854720
87	263533346678771712
88	263202671715024897
89	263671464924962817
90	263222624367288320
91	264014190157639680
92	263660484195151873
93	263180437881499648
94	263701878100078593
95	263139086250934272
96	263228081131646976