1	258346309474463744
2	258345164353970176
3	258368434352558080
4	258347785982726144
5	258346276003909632
6	258353834055835648
7	258347823614021632
8	258366366787174402
9	258350864576688128
10	258360901772656640
11	258356170291552258
12	258514895623045120
13	258453809708290048
14	258363023796887553
15	258344892022013953
16	258350218884562944
17	258373958498410496
18	258353226053718016
19	258381294164131841
20	258348587048632321
21	258348545151750145
22	258356308665847809
23	258355243253891072
24	258353880121872384
25	258384993838047232
26	258347832182980609
27	258356480804270080
28	258481924081860608
29	258352706102636544
30	258346498201362432
31	258383597004812289
32	258471807361880064
33	258352819067842560
34	258357030421684224
35	258569354424242176
36	258349883021475840
37	258346900951019520
38	258347144052867072
39	258366446617374721
40	258417306407936000
41	258352605082824705
42	258373106928852994
43	258635133744205824
44	258348704564649985
45	258359848964587521
46	258409094061379584
47	258377859209519105
48	258356644340187136
49	258370229846040576
50	258346926041358336
51	258346691336470528
52	258354165615558656
53	258359781499219968
54	258355079906750464
55	258349597733302272
56	258348738106511361
57	258625205705003008
58	258486261025742848
59	258358665864699904
60	258353288787935232
61	258348985419431937
62	258354601676398592
63	258347081457082368
64	258409790261325826
65	258471765381099520
66	258411665396224000
67	258347035059699712
68	258351363736600576
69	258348960446554112
70	258358963920322560
71	258401074556309504
72	258345839683072000
73	258349547678482432
74	258345764508545024
75	258357634258841600
76	258347786003689473
77	258348255816073216
78	258349270753738752
79	258356786862637056
80	258347987288350720
81	258349002452512768
82	258347077032099840
83	258357944800915458
84	258527004524150784
85	258348075272265728
86	258351078679142400
87	258348704468189187
88	258350000696864768
89	258351359496163330
90	258352202454814721
91	258352835790516225
92	258381634200543232
93	258360280633974784
94	258346506728402946
95	258356485116014592
96	258354563877326848
97	258346028556763136
98	258426575870124032
99	258351711771586561
100	258351514647674880
101	258351904726347777
102	258352060150448129
103	258347962013462528
104	258406791292014593
105	258373757079531520
106	258355608493883392
107	258350033970274304
108	258397824008478720
109	258349044127109121
110	258358061838790656
111	258348037733228545
112	258348964619886592
113	258373581036195841
114	258371362127749122
115	258348440247996416
116	258460658780233728
117	258351963421425666
118	258367704770162688
119	258347848825966594
120	258410662739468288
121	258351233545404417
122	258346842104950784
123	258349522445541376
124	258352613702115328
125	258384993577996289
126	258350633780903936
127	258351875500408832
128	258351636454440961
129	258347731427405824
130	258346414306893828
131	258392354464092160
132	258350260420767744
133	258347278459346944
134	258349878940405760
135	258576014924472320
136	258368866558803969
137	258346154222317569
138	258352408097353728
139	258374528982454272
140	258365054079078400
141	258347790177017856
142	258358078972518401
143	258351887886213120
144	258594977318309888
145	258549674670178305
146	258605626727473152
147	258359601341292546
148	258353913739218944
149	258350910651109377
150	258346062186696704
151	258359056098537472
152	258469680652632065
153	258348314414702592
154	258566992993320960
155	258377792067092481