1	256462030905683970
2	256607011595223041
3	256522647322644480
4	256059218619146240
5	256146871070900224
6	256585725330468864
7	256461812806086657
8	256427814151151616
9	256484919621087232
10	256533640593412096
11	256466552403152897
12	256472508436471809
13	256038179923189761
14	256646584740245506
15	256546575692754944
16	256468469544017920
17	256542708703834112
18	256482843423801345
19	256544478687555584
20	256477742915264512
21	256443651637534721
22	256449704039182336
23	256129737167077377
24	256449276215959553
25	256448513024614400
26	256457950070202369
27	256730013452341248
28	256481320690122752
29	256447556714913793
30	256636937669050368
31	256741258654007296
32	256452916871827456
33	256466783207313408
34	256498819448066048
35	256448282279157760
36	256437217503879169
37	256479311756931072