1	263051454460354560
2	263041166067511296
3	263273329081860096
4	263438614053130241
5	263060220664750080
6	263039882723725312
7	263069078929948672
8	262954935514181632
9	262967988150484992
10	263388123227103232
11	263069989316214784
12	263285681214849026
13	263285161112764416
14	263040243148660738
15	263070408813723648
16	263013324172689408
17	263329453143388160
18	262968566872166402
19	263222695615926272
20	262993753512501248
21	263032190118539264
22	263053988214218752
23	263744957846802433
24	263726146057805824
25	263600749009829889
26	263118915956264960
27	262981955178622976
28	262929735854727169
29	262911281156202496
30	263028318826291201
31	263065065358512128
32	263038175553933312
33	263070228488011776
34	262979811822149632
35	263064209741463552
36	263363301063417856
37	262911486396092416
38	263049978388303872
39	263340819698814977
40	263075945341140992
41	263069850765758464
42	262930570571563008
43	263062422611456001
44	263061831357173761