1	262616299870507008
2	262483457958100992
3	262687871553662976
4	262576197991550976
5	262512142853480450
6	262527548473344000
7	262465053159194624
8	262660642031403008
9	262499941526691840
10	262588822720753664
11	262514059579101185
12	262585584764190721
13	262813780277329920
14	262479280469049344
15	262959695743053824
16	262557030177468416
17	262604706961035265
18	262648142862893057
19	263008907750952962
20	262567327185379329
21	262534116547907584
22	262504874057560067
23	262816078865002496
24	262630594108878850
25	262490525012213760
26	262573345734799362
27	262497080885534720
28	262862887314403329
29	262492852901269504
30	262484451668393984
31	262720498851532801
32	262795593573859328
33	262509026447859713
34	262541129365475328
35	262487152942788608
36	262895086801649664
37	262501652622344192
38	263002268075446272
39	263019158613135360
40	262599761482358786
41	262577003574734848
42	262865248485265408
43	262526327586963457
44	262466525431226368
45	262527552642482176
46	262545940521562112
47	262482191106318336
48	262516169263681537
49	262512939536351232
50	262510494445883392
51	262551174887124992
52	262479779209551872
53	262836601409921024
54	262480207032766464
55	262656078624477184
56	262487966675517440
57	262513929241104384
58	262512641614942208
59	262578660027006977
60	262530714921234433
61	262481373271564288
62	262517490465243136
63	262528558977646592
64	262496531263938560
65	262510448170131457
66	262919166380621824
67	262508988426506242
68	262823741652877312
69	262481704575447040
70	262511756675534849
71	262508963302625280
72	262788115209543680
73	262594149566537728
74	262492848685985792
75	262492915786477568
76	262535219905695744
77	262706288612503552
78	262525686059769856
79	262579117453615104
80	262556958740066305