1	262584708192419840
2	262580165765373955
3	262836211486449664
4	262485395445514240
5	262561635477110787
6	262524557754261504
7	262555583113228288
8	262498758795866113
9	262551262954938368
10	262513891517546496
11	262584573949530112
12	262554991817003008
13	262682259440672768
14	262488197525803008
15	262588936151515137
16	262502692755234816
17	262528827656372226
18	262506182562959360
19	262603197007421442
20	262509810707218432
21	262840166786412544
22	262690371123961856
23	262528722635206656
24	262495180949700608
25	262468815630262274
26	262583252680843264
27	262582757992050688
28	262503531578261505
29	262844952386609152
30	262527728820031489
31	262678652477644801
32	262605163989180416
33	262557898218024960
34	262494539284107264
35	262952376728711170
36	262470610540716032
37	262470304398450688
38	262601334635786242
39	262554823843516418
40	262568799205736448
41	262617948034834432
42	262519935882887168
43	262467460874240000