1	261784955212931073
2	261636082368655360
3	261615584947630080
4	261512283388252160
5	261589295230488577
6	261528607791382528
7	261535016503349248
8	261528053988069376
9	261550682321080320
10	261536849493893120
11	261504238998405120
12	261505061023272960
13	261538871018389504
14	261949686674518017
15	261556805891682304
16	261509318099222528
17	261700913843023872
18	261582814728835072
19	261750121690185729
20	261598128329863168
21	261716516620361728
22	261531975721054208
23	261556214759051265
24	261553236736102401
25	261516670588305408
26	261626230007291904
27	261566843179892737
28	261646253899804672
29	261543958826590208
30	261517069072334848
31	261749718877626368
32	261626104203321344
33	261546207233593344
34	261581346957303808
35	261879956064309248
36	261545284335718401
37	261735869436805121
38	261562401059655680
39	261912461928718336