1	256123705820848128
2	256088498887589888
3	256001421131005952
4	256006563385462784
5	255996324934209537
6	256048267115257856
7	255969661785612288
8	255835502886920193
9	255878741711003649
10	256087655727628288
11	256071096623833088
12	255857690696376320
13	256097734862462976
14	255907514825183232
15	255926053527224320
16	256090948612796416
17	256092295013756929
18	256059021386215425
19	255954042281394176
20	256040813774131200
21	255843048255262720
22	256001068612333569
23	256130492485746688
24	255978889296371712
25	255863319506866178
26	256010287625412610
27	255884089754783744
28	255952872162856960
29	255945007670898688
30	256028805435641857
31	256020853291098112
32	256161886872141825
33	255908978733752320
34	255842985302978560
35	256035969315241984
36	256013630548627456
37	255999080772300801
38	255835120915841024