1	262551334149038080
2	262882835248066560
3	262999134875832320
4	262769924601159680
5	263043321889427457
6	262755324199575552
7	263015630976999424
8	263021431779102720
9	262926653204856833
10	262294915613085696
11	262329786754555904
12	262627079118532609
13	262311520581611521
14	262780850570137602
15	262715327174033408
16	262313655729790976
17	262661208186974208
18	262564676196499456
19	263012866972610561
20	262714341500018688
21	262769358500151297
22	262833967391195136
23	262698009131896832
24	262297666858414081
25	262039247622647809
26	262963248289165312
27	262289978879524864
28	263014125200887809
29	262600373888512001
30	262210148783771648
31	262589913449521152
32	263042248105660417
33	262941580472770561
34	262230025347145728
35	263023315017412608
36	262352251455152128
37	262978075191549952
38	262228456765526018
39	263004436639657984
40	262895208562319360
41	262232042748665856
42	262006712205209600
43	262388742239698944
44	263046110933815296
45	262931275294330880
46	262836593247809536
47	262950296521699330
48	262040426087854080
49	262888250165846017
50	262151772137725952
51	262971318490767360
52	262986723829637121
53	262988942654205952
54	262587132537872384
55	262919652810842112
56	262558309339496448
57	262890552868077568
58	262479443736535041
59	262265655858966531
60	262502311342002177
61	262877835759325184
62	262946634680385537
63	262969250514345985
64	262406366625406977
65	262009744825393152
66	262778610929254401
67	262955216318656513
68	262156989805776896
69	262960249357619200
70	262747820761702401
71	262249822415884288
72	262889600547180545
73	263012481381851136
74	263036589943451648
75	262241358406877184
76	263019888526901249
77	262946504757616640
78	262112614295949312
79	262023560854388736
80	263029979997151234
81	262739633245388802
82	262086144085356545
83	262798756305575936
84	262998774090190848
85	262962107434274816
86	262216356261400576
87	262895695097364480
88	262181082160566273
89	262931526826721280
90	262932298830340096
91	262978314174603264
92	262981648860196864
93	261977762963804160
94	262957707647127552
95	262705944515985408
96	261981819073867776
97	262955082172207106
98	263023843378085889
99	262877693165596672
100	262987541928628224
101	262893165919469568
102	262365279311503360
103	262665368777142272
104	262474553421348864
105	263009394080501760
106	262037343211511810
107	262539040660795392
108	262717336358895616
109	262773619640381440
110	262888581515857920
111	262965815438094336