1	259422379095232513
2	259252899836735489
3	259215017239531520
4	259745537832660993
5	259251662810664960
6	259582761067769857
7	259263750811566081
8	259139452662845440
9	259255819139444736
10	259306205611188225
11	259283946091737088
12	259398136345284608
13	258975493087440896
14	259276325293023233
15	259313235260481537
16	259269102747668482
17	259306897520357376
18	259344390164738048
19	259700910391955457
20	259380004184539136
21	259229571184984064
22	258906408542695424
23	258796215632814080
24	259282990084001792
25	259578986185773056
26	259606844576776194
27	259249620201373696
28	259255072511361024
29	259264211987881985
30	259261695539687424
31	259365131358703617
32	259326245785964544
33	259286974723145729
34	259657658716536832
35	259289683954118656
36	258954060110114816
37	259352233727119360
38	259278988688646144
39	259253638155874304
40	259437340232122369