1	264077310007857153
2	264125011818852353
3	264028660380614657
4	264037447632048128
5	264033315974168576
6	264055302578655232
7	264067743102427137
8	264355371479625728
9	264051297014140929
10	264038970160214016
11	264080921324572672
12	264076500490387456
13	264086952851173376
14	264040521910067200
15	264456047509528576
16	264031965576065025
17	264162164909174784
18	264282558500581376
19	264114023061147648
20	264036495290163200
21	264049216542871553
22	264448883403390976
23	264030392523296769
24	264036763813699584
25	264187616080052225
26	264102056321761280
27	264081265299435520
28	264037090902294528
29	264036063281049600
30	264044808400691200
31	264259573496545280
32	264005427983953920
33	264032976277495808
34	264119043370389504
35	264131475451027456
36	263984720847724545
37	264039624375169024
38	264038676437286913
39	264364079064424449
40	264165424118247425
41	264034695879200769
42	264059979412156417
43	264458622778634241