1	258669388448804864
2	258651742995087360
3	258698673163214848
4	258694776428322816
5	258650669425246208
6	258717031602454528
7	258970400866856961
8	258657849952043009
9	258683170822705152
10	258943158866546690
11	258792076068655104
12	258804893677142016
13	258864058646794240
14	258657757631221761
15	258757225638666242
16	258654767126028288
17	258694122163019777
18	258896342028529664
19	258665320049438722
20	258684072610635776
21	258669992579575810
22	258691676887998464
23	258665001315872768
24	258728377194790913
25	258985122936791040
26	258701973988196352
27	258657980084539392
28	258653768831348736
29	258662639889166337