1	258312549655781376
2	258238704836026368
3	258182526030475264
4	258426391601766401
5	258371387398447104
6	258186158692003841
7	258216332460437504
8	258206056398868480
9	258198430843801600
10	258205720766455808
11	258239187105492992
12	258247474853064705
13	258193301210017792
14	258304882283524097
15	258204714007687168
16	258211362130493440
17	258178990358003712
18	258621946760155137
19	258392048657383425
20	258240055250915329
21	258426739577978880
22	258221168337752065
23	258226406843109377
24	258235969935904769
25	258178428266754048
26	258207016873492480
27	258208342051274753
28	258193779570393090
29	258189090439184384