1	260370073879969792
2	260201102039986178
3	260145162649473024
4	260238393710084096
5	260107107901247488
6	260134379282653184
7	260219863270842368
8	260152402261471233
9	260124468087771136
10	260095326021619712
11	260201785602473984
12	260165442105118721
13	260148312479498240
14	260117820069773313
15	260355976853610496
16	260176632646623232
17	260139307271077888
18	260119925371330560
19	260141220083421184
20	260427368022278146
21	260478391571066880
22	260185524675960832
23	260274850608861184
24	260142830700339200
25	260123079831871489
26	260358430445957120
27	260433466485768194
28	260134139926306816
29	260078510964625408
30	260264645724622848
31	260122140169351168
32	260168437018542080
33	260130549849522176
34	260354366387662848
35	260073712819245056
36	260411064825573376
37	260139361952231424
