1	260148396613066752
2	260087398598324224
3	260108240136851456
4	260125222865354753
5	260079475885240320
6	260078779295219714
7	260084416464965632
8	260126787474964480
9	260122073165344768
10	260142738400497664
11	260233603697491968
12	260137323705024512
13	260085343733309442
14	260129488489283586
15	260138909109977090
16	260078460704280576
17	260124572806950912
18	260069509933715457
19	260085959914291201
20	260154008520507392
21	260068029512179713
22	260071393306238976
23	260417394084806656
24	260445327851655168
25	260117270540472321
26	260123528282648576
27	260133968115027968
28	260148975473139712
29	260144672020783105
30	260348800227491841
31	260074870518452224
32	260066494212358144
33	260386616374358016
34	260175554777608192
35	260231666205876224
36	260135159087632384
37	260131300315385856
38	260367246986190849
39	260078003583864832
40	260451011540447233
41	260089114320334849
42	260127324454916096
43	260123310233382913
44	260161075692044288
45	260071498058973184
46	260332681487855616
47	260084907504717824
48	260369683922944001
49	260087662856249345
50	260232807052357632
51	260131036271370240
52	260138980081795073
53	260118801474015232
54	260148778265362432
55	260152397731594240
56	260135654049079296
57	260074593702793216
58	260137478730702848
59	260099386116292608
60	260141073253416960
61	260389560507322370
62	260133070429097984
63	260136501298479104
64	260132650927398912
65	260396460418412545
66	260123306097770496
67	260110375029190656
68	260389015394586626
69	260068964875501568
70	260117820073971712
71	260066804817342467
72	260070101313798144